<nThreads> <objectSize> <noOfIterations> <glibcmalloc> <wfmalloc> <hoard> <sequential_allocator_all_work>
1 8 1 249 85 120 93
2 8 1 101 111 118 93
3 8 1 432 117 151 94
4 8 1 224 93 114 93
5 8 1 215 117 147 59
6 8 1 351 218 198 60
7 8 1 379 282 216 99
8 8 1 458 340 229 101
1 8 100 94 93 132 99
2 8 100 101 120 140 102
3 8 100 117 133 174 106
4 8 100 292 120 171 115
5 8 100 444 147 294 117
6 8 100 541 175 6214 122
7 8 100 699 155 267 123
8 8 100 688 185 298 111
1 8 1000 136 186 178 138
2 8 1000 147 216 284 187
3 8 1000 233 238 471 196
4 8 1000 400 231 674 271
5 8 1000 699 414 942 323
6 8 1000 822 428 1306 371
7 8 1000 759 451 1019 422
8 8 1000 721 517 1164 462
1 8 10000 566 1470 1005 558
2 8 10000 582 1510 1356 1030
3 8 10000 1487 1593 2005 1501
4 8 10000 1545 1657 2962 1942
5 8 10000 2147 3021 3688 2441
6 8 10000 2327 3058 3809 2901
7 8 10000 2089 3184 4027 3409
8 8 10000 2850 3234 8022 3856
1 8 100000 4809 13541 9038 4809
2 8 100000 5205 14696 9470 9606
3 8 100000 5997 15808 10505 14420
4 8 100000 8693 16463 11333 19188
5 8 100000 15894 24728 18316 23881
6 8 100000 18872 25585 21254 28702
7 8 100000 25463 31665 25400 33820
8 8 100000 35372 32958 33999 38209
1 100 1 99 80 123 94
2 100 1 108 110 131 96
3 100 1 126 127 114 92
4 100 1 103 96 122 95
5 100 1 154 115 158 99
6 100 1 466 142 379 90
7 100 1 351 305 209 96
8 100 1 462 232 478 61
1 100 100 94 67 133 98
2 100 100 196 113 139 102
3 100 100 199 134 138 108
4 100 100 363 103 209 117
5 100 100 378 149 284 120
6 100 100 331 142 376 128
7 100 100 439 436 335 135
8 100 100 648 247 6295 138
1 100 1000 148 134 222 151
2 100 1000 252 169 303 192
3 100 1000 264 195 560 275
4 100 1000 517 202 1002 333
5 100 1000 541 288 1054 390
6 100 1000 1062 315 1205 466
7 100 1000 1017 805 1537 523
8 100 1000 921 344 9414 597
1 100 10000 750 1220 1219 703
2 100 10000 1432 1402 1313 1387
3 100 10000 1588 1554 1552 2100
4 100 10000 2625 1739 1905 2788
5 100 10000 4436 2893 8543 3613
6 100 10000 9670 3036 9263 4225
7 100 10000 13885 3156 12544 4756
8 100 10000 50450 3627 10846 5475
1 100 100000 6832 11551 11003 6788
2 100 100000 9765 12958 11458 13546
3 100 100000 16936 14165 12302 20415
4 100 100000 20785 15918 13322 27254
5 100 100000 38207 24323 23743 33826
6 100 100000 98941 24592 34131 40742
7 100 100000 347541 29827 58196 47517
8 100 100000 451990 32400 49607 54214
1 512 1 101 79 121 94
2 512 1 147 111 125 61
3 512 1 115 85 145 93
4 512 1 119 89 118 93
5 512 1 262 125 136 62
6 512 1 416 121 146 103
7 512 1 749 320 283 92
8 512 1 557 309 294 96
1 512 100 73 84 136 104
2 512 100 165 110 155 86
3 512 100 258 134 220 140
4 512 100 112 102 200 134
5 512 100 345 111 253 171
6 512 100 399 130 6387 168
7 512 100 711 180 297 206
8 512 100 959 205 6395 196
1 512 1000 244 142 295 267
2 512 1000 734 167 348 425
3 512 1000 1087 164 952 596
4 512 1000 1710 189 751 827
5 512 1000 1804 267 4926 931
6 512 1000 1563 348 4266 1269
7 512 1000 2523 402 10132 1292
8 512 1000 2594 450 23854 1651
1 512 10000 2001 1321 1885 1883
2 512 10000 3517 1394 2142 3834
3 512 10000 7162 1544 2819 6102
4 512 10000 10115 1663 3321 8222
5 512 10000 15293 2649 12299 10144
6 512 10000 18920 2950 17447 11983
7 512 10000 20367 3052 20044 13994
8 512 10000 23830 3212 16256 16108
1 512 100000 20048 11330 18063 19967
2 512 100000 37318 -1 19909 41081
3 512 100000 67586 -1 22152 61824
4 512 100000 93762 -1 28708 82304
5 512 100000 151000 -1 53786 102837
6 512 100000 175258 -1 69119 123344
7 512 100000 197975 -1 94911 143380
8 512 100000 231345 -1 119286 163464
